"A[C>A]A" "A[C>A]C" "A[C>A]G" "A[C>A]T" "A[C>G]A" "A[C>G]C" "A[C>G]G" "A[C>G]T" "A[C>T]A" "A[C>T]C" "A[C>T]G" "A[C>T]T" "A[T>A]A" "A[T>A]C" "A[T>A]G" "A[T>A]T" "A[T>C]A" "A[T>C]C" "A[T>C]G" "A[T>C]T" "A[T>G]A" "A[T>G]C" "A[T>G]G" "A[T>G]T" "C[C>A]A" "C[C>A]C" "C[C>A]G" "C[C>A]T" "C[C>G]A" "C[C>G]C" "C[C>G]G" "C[C>G]T" "C[C>T]A" "C[C>T]C" "C[C>T]G" "C[C>T]T" "C[T>A]A" "C[T>A]C" "C[T>A]G" "C[T>A]T" "C[T>C]A" "C[T>C]C" "C[T>C]G" "C[T>C]T" "C[T>G]A" "C[T>G]C" "C[T>G]G" "C[T>G]T" "G[C>A]A" "G[C>A]C" "G[C>A]G" "G[C>A]T" "G[C>G]A" "G[C>G]C" "G[C>G]G" "G[C>G]T" "G[C>T]A" "G[C>T]C" "G[C>T]G" "G[C>T]T" "G[T>A]A" "G[T>A]C" "G[T>A]G" "G[T>A]T" "G[T>C]A" "G[T>C]C" "G[T>C]G" "G[T>C]T" "G[T>G]A" "G[T>G]C" "G[T>G]G" "G[T>G]T" "T[C>A]A" "T[C>A]C" "T[C>A]G" "T[C>A]T" "T[C>G]A" "T[C>G]C" "T[C>G]G" "T[C>G]T" "T[C>T]A" "T[C>T]C" "T[C>T]G" "T[C>T]T" "T[T>A]A" "T[T>A]C" "T[T>A]G" "T[T>A]T" "T[T>C]A" "T[T>C]C" "T[T>C]G" "T[T>C]T" "T[T>G]A" "T[T>G]C" "T[T>G]G" "T[T>G]T"
"id1" 5 2 12 4 4 3 3 3 2 18 23 3 11 7 5 30 32 38 49 21 4 7 4 7 5 5 3 12 2 0 0 2 12 27 31 18 9 9 10 5 15 43 82 54 2 4 14 6 6 5 6 5 3 4 1 2 6 18 33 18 6 4 5 3 63 31 41 55 3 2 5 8 3 4 6 7 5 2 1 2 5 9 5 4 6 8 5 9 13 78 22 26 2 0 4 3
"id2" 1 7 37 2 4 1 1 4 12 24 56 10 0 0 3 1 12 15 21 11 2 6 8 2 5 11 6 36 1 0 1 1 23 66 81 64 0 2 5 0 10 32 73 31 5 9 8 7 2 7 13 7 2 5 1 0 18 54 79 27 3 2 4 0 23 17 42 16 1 2 10 5 5 6 4 2 4 1 1 5 11 28 22 14 1 1 1 2 6 16 18 12 0 2 0 1
"id3" 4 0 1 0 102 2 4 3 46 1 6 3 0 0 0 1 0 0 0 1 0 2 0 0 3 0 0 0 11 0 1 4 33 9 6 6 0 0 0 0 0 1 0 0 0 0 1 0 3 1 2 1 39 1 1 2 25 5 7 3 0 0 0 1 0 1 2 1 0 0 1 0 18 5 1 2 271 41 16 111 199 28 41 40 0 0 0 0 1 1 0 0 1 0 0 0
"id4" 8 0 2 0 91 2 2 1 60 2 4 1 0 1 0 0 0 0 0 1 0 0 1 0 2 0 0 0 6 0 0 1 47 4 5 1 0 0 1 0 0 0 0 1 0 0 0 0 14 0 0 1 29 1 0 1 34 4 3 3 0 3 0 0 0 0 0 0 0 0 0 0 38 3 2 7 118 27 7 108 276 34 30 76 0 2 0 0 0 3 0 0 0 1 0 0
"id5" 5 7 11 7 6 2 3 4 10 16 33 17 0 5 5 7 10 16 15 6 3 1 7 3 7 14 7 14 1 3 2 6 18 34 41 42 1 6 4 6 18 19 40 27 1 3 5 3 4 5 4 7 4 9 4 6 11 36 31 25 1 6 5 5 21 19 21 9 2 6 5 3 8 7 9 4 6 5 2 9 14 22 16 14 2 4 2 5 12 25 10 12 1 0 2 1
"id6" 6 3 6 0 34 3 0 0 38 11 17 5 2 1 3 4 2 4 3 1 1 0 1 0 1 6 0 5 3 0 0 0 39 16 15 17 0 1 0 1 4 2 13 3 0 1 1 1 8 2 1 0 16 2 1 1 30 38 34 14 0 4 2 4 1 4 6 2 0 1 2 0 16 6 3 10 96 22 6 45 139 30 28 34 0 0 1 2 1 8 2 7 0 1 0 0
"id7" 6 2 1 2 65 1 0 4 44 2 5 0 3 1 2 3 4 3 2 1 1 1 6 0 5 1 1 1 7 0 0 0 24 6 7 4 0 5 1 3 5 3 2 2 1 0 0 3 12 0 1 1 13 3 0 2 25 5 4 3 2 1 2 3 2 2 5 3 1 1 0 0 52 8 3 5 96 17 6 68 168 17 24 37 1 1 0 2 0 2 0 2 3 1 1 3
"id8" 6 0 1 1 40 1 0 0 46 2 2 2 0 1 0 0 1 0 0 1 0 0 0 2 2 1 0 0 5 0 0 0 20 2 11 8 0 0 2 0 0 0 1 2 0 0 0 0 4 0 1 2 7 0 1 1 18 3 2 0 0 1 0 0 0 0 0 1 1 0 0 0 21 4 0 4 63 9 2 40 154 23 21 51 1 0 0 0 0 1 0 1 0 0 0 0
"id9" 3 0 1 0 38 2 1 1 36 2 3 1 0 2 0 0 0 1 0 0 0 0 0 0 0 2 1 0 4 1 0 0 15 2 3 2 0 0 0 0 0 0 0 0 0 1 0 0 3 0 0 0 11 0 0 1 15 2 0 2 0 0 0 0 0 1 0 0 0 0 1 0 16 5 2 2 59 14 2 41 137 19 18 36 0 0 0 0 0 0 0 0 0 0 0 0
"id10" 37 19 42 14 6 1 1 0 5 0 3 0 0 0 1 0 0 1 1 0 0 0 0 0 11 14 25 3 0 0 0 1 2 3 2 1 0 1 2 0 0 0 0 0 0 0 0 0 42 59 20 8 0 0 0 0 3 1 1 1 0 0 0 1 0 1 1 0 0 0 1 0 15 14 49 13 6 3 0 11 23 7 2 10 0 0 0 0 0 0 0 0 0 0 0 0
"id11" 4 1 0 1 46 0 2 1 36 1 3 1 0 1 1 0 0 0 0 0 0 0 0 0 1 0 1 0 5 0 0 1 16 4 1 4 1 0 0 1 0 1 0 2 0 0 0 0 1 0 1 1 8 1 0 0 16 1 1 0 0 1 1 1 0 0 2 0 0 2 1 0 14 3 2 3 54 7 1 28 130 12 18 26 0 0 0 0 0 0 0 1 0 0 0 0
"id12" 6 1 0 0 47 0 2 0 17 1 3 1 0 1 0 0 0 1 2 1 0 0 0 0 0 0 0 0 1 0 0 0 12 1 4 3 0 0 0 1 1 0 0 0 0 0 0 0 3 1 0 1 9 0 0 0 13 1 2 2 0 0 0 0 0 0 0 0 0 0 0 0 21 2 0 5 55 11 2 45 112 14 19 30 0 0 1 0 0 0 0 0 1 0 1 0
"id13" 6 2 1 0 40 3 1 1 27 1 6 1 0 0 0 1 1 0 2 0 0 0 1 0 1 1 0 2 5 1 0 4 6 1 7 6 0 0 0 0 0 0 2 0 0 1 0 0 3 0 0 1 15 0 0 3 13 2 8 3 0 0 0 0 0 0 0 0 1 0 0 0 18 3 1 3 61 5 2 56 64 9 17 18 0 1 0 2 0 0 0 0 0 0 0 0
"id14" 3 0 1 0 36 2 2 2 16 1 2 2 0 0 2 0 0 0 0 0 0 0 0 1 0 0 0 0 5 0 0 0 6 3 3 1 0 0 0 0 1 0 0 0 0 0 0 1 2 1 1 1 7 0 0 0 11 0 1 0 0 0 0 0 0 0 0 0 0 0 0 0 12 4 1 1 74 14 4 41 87 10 13 22 0 0 1 1 0 0 1 0 0 0 0 1
"id15" 1 1 0 0 35 0 0 2 17 0 2 1 0 0 0 0 2 2 0 1 0 0 0 0 0 0 0 0 1 0 0 1 18 3 4 1 0 0 0 0 0 0 0 0 0 0 0 0 6 1 0 3 10 0 1 1 18 1 0 2 0 0 0 0 0 0 0 1 0 0 0 0 10 2 1 1 51 12 7 31 96 11 18 20 0 0 0 0 0 1 1 0 0 0 1 0
"id16" 2 1 0 2 31 0 0 0 22 0 1 2 0 1 0 0 0 0 1 0 1 0 0 0 0 0 1 1 1 0 0 1 17 0 3 4 0 1 1 0 0 0 1 0 0 0 1 0 2 0 1 1 9 0 0 1 11 3 1 1 0 0 0 0 1 1 1 0 0 0 0 0 11 5 0 4 54 6 2 41 71 12 10 32 0 1 0 0 0 0 0 1 0 0 1 1
"id17" 1 1 3 0 38 1 1 0 25 2 4 2 0 0 0 1 0 0 0 1 0 0 0 0 1 1 0 0 0 0 0 0 17 6 3 1 0 0 0 0 0 0 0 0 0 0 0 0 1 0 0 0 9 1 0 0 16 3 2 2 0 0 1 1 0 0 1 0 0 0 0 0 7 1 4 1 34 8 5 30 86 17 14 25 0 0 0 0 0 1 1 1 0 0 0 0
"id18" 4 0 2 0 20 0 2 0 19 3 1 0 0 0 1 0 0 0 0 1 0 0 0 0 0 0 0 0 2 0 0 2 14 7 5 5 0 0 2 0 1 0 2 1 0 0 0 1 2 2 2 0 4 0 1 0 11 2 3 9 2 1 0 0 0 2 0 0 0 0 1 2 12 3 2 3 27 13 2 22 82 11 13 22 0 1 1 0 1 1 1 0 0 2 1 3
"id19" 10 8 10 9 7 2 4 4 8 6 10 6 1 4 7 2 2 2 1 3 2 1 1 1 6 5 1 6 4 7 0 2 4 3 4 12 0 6 5 3 0 3 2 1 1 0 1 2 4 7 5 12 1 3 4 3 7 4 5 5 0 3 7 1 0 2 0 4 1 2 2 0 5 11 1 10 4 4 1 6 9 5 6 8 1 1 0 2 0 2 1 2 1 0 0 0
"id20" 1 1 4 2 3 0 0 0 7 4 19 2 0 1 2 2 4 9 5 3 0 0 1 0 3 3 1 2 0 0 0 0 7 15 18 21 0 0 1 0 5 6 11 6 0 1 1 0 0 1 1 2 2 0 0 0 7 20 18 4 0 1 1 2 14 7 11 2 1 0 0 0 3 0 2 1 3 1 0 4 10 6 7 5 0 0 0 3 6 8 6 5 0 0 0 0
